{
	't': '2021-12-19T10:16:31.225542',
	'cb': {
		'BTC': {
			'u': '2021-12-19T10:16:29.081696Z',
			'b': 46907.93,
			'a': 46910.07,
			'bd': {
				'size': {
					'B9': 169.9839463,
					'B8': 135.1788467,
					'B7': 527.66256735,
					'B6': 424.0182061,
					'B5': 442.60349251,
					'B4': 531.81152707,
					'B3': 393.22665207,
					'B2': 481.12859832,
					'B1': 212.10442,
					'B0': 264.74989814
				}
			},
			'ad': {
				'size': {
					'A0': 172.50240584,
					'A1': 116.88998463,
					'A2': 119.94375518,
					'A3': 158.69524736,
					'A4': 91.38698633,
					'A5': 147.75962237,
					'A6': 95.72162561,
					'A7': 67.15167975,
					'A8': 62.43903052,
					'A9': 31.84774541
				}
			}
		},
		'ETH': {
			'u': '2021-12-19T10:16:29.096879Z',
			'b': 3903.86,
			'a': 3904.38,
			'bd': {
				'size': {
					'B9': 2413.61537667,
					'B8': 1340.10807962,
					'B7': 3189.12797866,
					'B6': 2160.6572419,
					'B5': 4658.34949437,
					'B4': 2981.64371355,
					'B3': 4853.1121015,
					'B2': 3634.6660033,
					'B1': 1910.26882132,
					'B0': 3040.85770428
				}
			},
			'ad': {
				'size': {
					'A0': 1856.22059604,
					'A1': 1017.6119067,
					'A2': 4859.82716993,
					'A3': 2502.66974625,
					'A4': 876.25856037,
					'A5': 1138.8370774,
					'A6': 2444.43615073,
					'A7': 2319.14019323,
					'A8': 2010.85648631,
					'A9': 1223.0847807
				}
			}
		},
		'SOL': {
			'u': '2021-12-19T10:16:29.121001Z',
			'b': 183.14,
			'a': 183.15,
			'bd': {
				'size': {
					'B9': 21842.994,
					'B8': 12913.179,
					'B7': 18781.697,
					'B6': 14382.376,
					'B5': 8451.118,
					'B4': 9482.154,
					'B3': 9588.474,
					'B2': 7110.715,
					'B1': 3703.821,
					'B0': 11175.631
				}
			},
			'ad': {
				'size': {
					'A0': 9666.015,
					'A1': 6468.004,
					'A2': 4499.088,
					'A3': 5800.138,
					'A4': 9248.251,
					'A5': 5832.313,
					'A6': 4425.998,
					'A7': 5643.96,
					'A8': 8509.665,
					'A9': 1979.218
				}
			}
		}
	},
	'bi': {
		'BTC': {
			'u': 1639908989051,
			'b': 46889.97,
			'a': 46889.98,
			'bd': {
				'size': {
					'B9': 2.310006,
					'B8': 0,
					'B7': 0,
					'B6': 1.1238,
					'B5': 0,
					'B4': 0,
					'B3': 0,
					'B2': 0.6878,
					'B1': 272.61754,
					'B0': 505.56776
				}
			},
			'ad': {
				'size': {
					'A0': 237.70872,
					'A1': 363.02618,
					'A2': 0,
					'A3': 13.42425,
					'A4': 0.18207,
					'A5': 0,
					'A6': 0,
					'A7': 0,
					'A8': 0,
					'A9': 0
				}
			}
		},
		'ETH': {
			'u': 1639908988951,
			'b': 3901.68,
			'a': 3901.69,
			'bd': {
				'size': {
					'B9': 0,
					'B8': 0,
					'B7': 0,
					'B6': 0,
					'B5': 4914.9591,
					'B4': 0,
					'B3': 4609.0481,
					'B2': 2301.623,
					'B1': 3891.4562,
					'B0': 2502.3708
				}
			},
			'ad': {
				'size': {
					'A0': 1601.6721,
					'A1': 2319.0992,
					'A2': 3390.7824,
					'A3': 1759.6699,
					'A4': 0,
					'A5': 0,
					'A6': 0,
					'A7': 0,
					'A8': 0,
					'A9': 0
				}
			}
		},
		'SOL': {
			'u': 1639908989050,
			'b': 183.02,
			'a': 183.05,
			'bd': {
				'size': {
					'B9': 21433.43,
					'B8': 8391.99,
					'B7': 6108.25,
					'B6': 54917.37,
					'B5': 2842.02,
					'B4': 7914.66,
					'B3': 11536.28,
					'B2': 20110.99,
					'B1': 4958.56,
					'B0': 17321.33
				}
			},
			'ad': {
				'size': {
					'A0': 19462.64,
					'A1': 11868.24,
					'A2': 11069.84,
					'A3': 12193.27,
					'A4': 21740.25,
					'A5': 17427.02,
					'A6': 3368.1,
					'A7': 13381.2,
					'A8': 9949.75,
					'A9': 3937.45
				}
			}
		}
	}
}